 mode  Re(lambda)  Im(lambda)  |Im(lambda)|  |lambda|
    0   -0.000000    0.000000      0.000000  0.000000
    1   -0.026161    0.000000      0.000000  0.026161
    2   -0.040784   -0.963065      0.963065  0.963928
    3   -0.040784    0.963065      0.963065  0.963928
    4   -0.077865   -0.000000      0.000000  0.077865
    5   -0.092536   -0.965365      0.965365  0.969790
    6   -0.092536    0.965365      0.965365  0.969790
    7   -0.136337   -1.932598      1.932598  1.937401
    8   -0.136337    1.932598      1.932598  1.937401
    9   -0.155138    0.000000      0.000000  0.155138
   10   -0.169584   -0.968700      0.968700  0.983432
   11   -0.169584    0.968700      0.968700  0.983432
   12   -0.212737   -1.939155      1.939155  1.950789
   13   -0.212737    1.939155      1.939155  1.950789
   14   -0.257531    0.000000      0.000000  0.257531
   15   -0.271667   -0.972991      0.972991  1.010205
   16   -0.271667    0.972991      0.972991  1.010205
   17   -0.284070   -2.913002      2.913002  2.926821
   18   -0.284070    2.913002      2.913002  2.926821
   19   -0.313921   -1.947584      1.947584  1.972722
   20   -0.313921    1.947584      1.947584  1.972722
   21   -0.383843   -2.925288      2.925288  2.950363
   22   -0.383843    2.925288      2.925288  2.950363
   23   -0.384535   -0.000000      0.000000  0.384535
   24   -0.398311   -0.978133      0.978133  1.056123
   25   -0.398311    0.978133      0.978133  1.056123
   26   -0.439513   -1.957698      1.957698  2.006428
   27   -0.439513    1.957698      1.957698  2.006428
   28   -0.480744   -3.907440      3.907440  3.936903
   29   -0.480744    3.907440      3.907440  3.936903
   30   -0.507772   -2.940058      2.940058  2.983584
   31   -0.507772    2.940058      2.940058  2.983584
   32   -0.535579    0.000000      0.000000  0.535579
   33   -0.548964   -0.984011      0.984011  1.126783
   34   -0.548964    0.984011      0.984011  1.126783
   35   -0.589018   -1.969282      1.969282  2.055484
   36   -0.589018    1.969282      1.969282  2.055484
   37   -0.602515   -3.926445      3.926445  3.972404
   38   -0.602515    3.926445      3.926445  3.972404
   39   -0.655451   -2.957023      2.957023  3.028795
   40   -0.655451    2.957023      2.957023  3.028795
   41   -0.710045    0.000000      0.000000  0.710045
   42   -0.723019   -4.917927      4.917927  4.970791
   43   -0.723019    4.917927      4.917927  4.970791
   44   -0.723023   -0.990512      0.990512  1.226327
   45   -0.723023    0.990512      0.990512  1.226327
   46   -0.747802   -3.948352      3.948352  4.018543
   47   -0.747802    3.948352      3.948352  4.018543
   48   -0.761881   -1.982118      1.982118  2.123501
   49   -0.761881    1.982118      1.982118  2.123501
   50   -0.826396   -2.975879      2.975879  3.088492
   51   -0.826396    2.975879      2.975879  3.088492
   52   -0.865478   -4.944265      4.944265  5.019443
   53   -0.865478    4.944265      4.944265  5.019443
   54   -0.907295    0.000000      0.000000  0.907295
   55   -0.916209   -3.972793      3.972793  4.077073
   56   -0.916209    3.972793      3.972793  4.077073
   57   -0.919863   -0.997529      0.997529  1.356913
   58   -0.919863    0.997529      0.997529  1.356913
   59   -0.957511   -1.995998      1.995998  2.213783
   60   -0.957511    1.995998      1.995998  2.213783
   61   -1.007788   -5.945614      5.945614  6.030420
   62   -1.007788    5.945614      5.945614  6.030420
   63   -1.020072   -2.996328      2.996328  3.165206
   64   -1.020072    2.996328      2.996328  3.165206
   65   -1.030849   -4.973775      4.973775  5.079477
   66   -1.030849    4.973775      4.973775  5.079477
   67   -1.107276   -3.999399      3.999399  4.149850
   68   -1.107276    3.999399      3.999399  4.149850
   69   -1.126685   -0.000000      0.000000  1.126685
   70   -1.138849   -1.004964      1.004964  1.518858
   71   -1.138849    1.004964      1.004964  1.518858
   72   -1.169755   -5.979632      5.979632  6.092973
   73   -1.169755    5.979632      5.979632  6.092973
   74   -1.175300   -2.010731      2.010731  2.329028
   75   -1.175300    2.010731      2.010731  2.329028
   76   -1.218760   -5.006035      5.006035  5.152258
   77   -1.218760    5.006035      5.006035  5.152258
   78   -1.235917   -3.018092      3.018092  3.261345
   79   -1.235917    3.018092      3.018092  3.261345
   80   -1.320503   -4.027813      4.027813  4.238751
   81   -1.320503    4.027813      4.027813  4.238751
   82   -1.332304   -6.991062      6.991062  7.116880
   83   -1.332304    6.991062      6.991062  7.116880
   84   -1.354083   -6.016988      6.016988  6.167470
   85   -1.354083    6.016988      6.016988  6.167470
   86   -1.367580   -0.000000      0.000000  1.367580
   87   -1.379351   -1.012733      1.012733  1.711210
   88   -1.379351    1.012733      1.012733  1.711210
   89   -1.414638   -2.026148      2.026148  2.471128
   90   -1.414638    2.026148      2.026148  2.471128
   91   -1.428787   -5.040629      5.040629  5.239215
   92   -1.428787    5.040629      5.040629  5.239215
   93   -1.473355   -3.040919      3.040919  3.379048
   94   -1.473355    3.040919      3.040919  3.379048
   95   -1.512742   -7.032933      7.032933  7.193785
   96   -1.512742    7.032933      7.032933  7.193785
   97   -1.555362   -4.057710      4.057710  4.345591
   98   -1.555362    4.057710      4.057710  4.345591
   99   -1.560433   -6.057226      6.057226  6.254993
  100   -1.560433    6.057226      6.057226  6.254993
  101   -1.660463   -5.077164      5.077164  5.341791
  102   -1.660463    5.077164      5.077164  5.341791
  103   -1.694192   -8.054456      8.054456  8.230708
  104   -1.694192    8.054456      8.054456  8.230708
  105   -1.715050   -7.078240      7.078240  7.283054
  106   -1.715050    7.078240      7.078240  7.283054
  107   -1.788412   -6.099899      6.099899  6.356665
  108   -1.788412    6.099899      6.099899  6.356665
  109   -1.892200   -8.104245      8.104245  8.322212
  110   -1.892200    8.104245      8.104245  8.322212
  111   -1.938917   -7.126501      7.126501  7.385555
  112   -1.938917    7.126501      7.126501  7.385555
  113   -2.091414   -9.135753      9.135753  9.372086
  114   -2.091414    9.135753      9.135753  9.372086
  115   -2.111640   -8.157518      8.157518  8.426394
  116   -2.111640    8.157518      8.157518  8.426394
  117   -2.306209   -9.193455      9.193455  9.478302
  118   -2.306209    9.193455      9.193455  9.478302
  119   -2.522221  -10.234772     10.234772 10.540975
  120   -2.522221   10.234772     10.234772 10.540975